          12          24          66
   1   7  -1.000   0.000
   7   1  -1.000   0.000
   2   8  -1.000   0.000
   8   2  -1.000   0.000
   3   9  -1.000   0.000
   9   3  -1.000   0.000
   4  10  -1.000   0.000
  10   4  -1.000   0.000
   5  11  -1.000   0.000
  11   5  -1.000   0.000
   6  12  -1.000   0.000
  12   6  -1.000   0.000
   1   1  -6.000   0.000
   2   2  -6.000   0.000
   3   3  -6.000   0.000
   4   4  -6.000   0.000
   5   5  -6.000   0.000
   6   6  -6.000   0.000
   7   7  -6.000   0.000
   8   8  -6.000   0.000
   9   9  -6.000   0.000
  10  10  -6.000   0.000
  11  11  -6.000   0.000
  12  12  -6.000   0.000
   1   4   4   1   4.000   0.000
   7  10  10   7   4.000   0.000
   1   2   2   1   2.000   0.000
   1   5   5   1   2.000   0.000
   4   2   2   4   2.000   0.000
   4   5   5   4   2.000   0.000
   7   8   8   7   2.000   0.000
   7  11  11   7   2.000   0.000
  10   8   8  10   2.000   0.000
  10  11  11  10   2.000   0.000
   1   2   2   1  -1.000   0.000
   1   5   2   4  -1.000   0.000
   4   2   5   1  -1.000   0.000
   4   5   5   4  -1.000   0.000
   7   8   8   7  -1.000   0.000
   7  11   8  10  -1.000   0.000
  10   8  11   7  -1.000   0.000
  10  11  11  10  -1.000   0.000
   1   4   5   2   1.000   0.000
   2   5   4   1   1.000   0.000
   7  10  11   8   1.000   0.000
   8  11  10   7   1.000   0.000
   1   3   3   1   2.000   0.000
   1   6   6   1   2.000   0.000
   4   3   3   4   2.000   0.000
   4   6   6   4   2.000   0.000
   7   9   9   7   2.000   0.000
   7  12  12   7   2.000   0.000
  10   9   9  10   2.000   0.000
  10  12  12  10   2.000   0.000
   1   3   3   1  -1.000   0.000
   1   6   3   4  -1.000   0.000
   4   3   6   1  -1.000   0.000
   4   6   6   4  -1.000   0.000
   7   9   9   7  -1.000   0.000
   7  12   9  10  -1.000   0.000
  10   9  12   7  -1.000   0.000
  10  12  12  10  -1.000   0.000
   1   4   6   3   1.000   0.000
   3   6   4   1   1.000   0.000
   7  10  12   9   1.000   0.000
   9  12  10   7   1.000   0.000
   2   5   5   2   4.000   0.000
   8  11  11   8   4.000   0.000
   2   3   3   2   2.000   0.000
   2   6   6   2   2.000   0.000
   5   3   3   5   2.000   0.000
   5   6   6   5   2.000   0.000
   8   9   9   8   2.000   0.000
   8  12  12   8   2.000   0.000
  11   9   9  11   2.000   0.000
  11  12  12  11   2.000   0.000
   2   3   3   2  -1.000   0.000
   2   6   3   5  -1.000   0.000
   5   3   6   2  -1.000   0.000
   5   6   6   5  -1.000   0.000
   8   9   9   8  -1.000   0.000
   8  12   9  11  -1.000   0.000
  11   9  12   8  -1.000   0.000
  11  12  12  11  -1.000   0.000
   2   5   6   3   1.000   0.000
   3   6   5   2   1.000   0.000
   8  11  12   9   1.000   0.000
   9  12  11   8   1.000   0.000
   3   6   6   3   4.000   0.000
   9  12  12   9   4.000   0.000
